-10 -10 -2.3911928352580885e15
-10 -9 -2.2419385153611218e15
-10 -8 -2.0253934429408225e15
-10 -7 -1.7503217848734728e15
-10 -6 -1.4319786761869455e15
-10 -5 -1.0916670148236538e15
-10 -4 -7.554943577035519e14
-10 -3 -4.5223650306927475e14
-10 -2 -2.103036303564933e14
-10 -1 -5.4044287431907625e13
-10 0 -0.0
-10 1 -5.4044287431907625e13
-10 2 -2.103036303564933e14
-10 3 -4.5223650306927475e14
-10 4 -7.554943577035519e14
-10 5 -1.0916670148236538e15
-10 6 -1.4319786761869455e15
-10 7 -1.7503217848734728e15
-10 8 -2.0253934429408225e15
-10 9 -2.2419385153611218e15
-10 10 -2.3911928352580885e15
-9 -10 -2.7678253276063235e15
-9 -9 -2.6046807114131185e15
-9 -8 -2.362398132308375e15
-9 -7 -2.0502439871156412e15
-9 -6 -1.684999795927589e15
-9 -5 -1.2906891222856125e15
-9 -4 -8.974935099795815e14
-9 -3 -5.3961820381385294e14
-9 -2 -2.5185526249662925e14
-9 -1 -6.487907007693338e13
-9 0 -0.0
-9 1 -6.487907007693338e13
-9 2 -2.5185526249662925e14
-9 3 -5.3961820381385294e14
-9 4 -8.974935099795815e14
-9 5 -1.2906891222856125e15
-9 6 -1.684999795927589e15
-9 7 -2.0502439871156412e15
-9 8 -2.362398132308375e15
-9 9 -2.6046807114131185e15
-9 10 -2.7678253276063235e15
-8 -10 -3.1646772545950355e15
-8 -9 -2.989910136202787e15
-8 -8 -2.723828280882823e15
-8 -7 -2.375825630921982e15
-8 -6 -1.9636739322185238e15
-8 -5 -1.5135334288749702e15
-8 -4 -1.0593066557320606e15
-8 -3 -6.409079649087276e14
-8 -2 -3.007258519638713e14
-8 -1 -7.774843762970627e13
-8 0 -0.0
-8 1 -7.774843762970627e13
-8 2 -3.007258519638713e14
-8 3 -6.409079649087276e14
-8 4 -1.0593066557320606e15
-8 5 -1.5135334288749702e15
-8 6 -1.9636739322185238e15
-8 7 -2.375825630921982e15
-8 8 -2.723828280882823e15
-8 9 -2.989910136202787e15
-8 10 -3.1646772545950355e15
-7 -10 -3.572085275251985e15
-7 -9 -3.389178835844223e15
-7 -8 -3.1031191914083035e15
-7 -7 -2.722973078703105e15
-7 -6 -2.266697362469663e15
-7 -5 -1.7614997794836172e15
-7 -4 -1.2439750020753002e15
-7 -3 -7.594665432492972e14
-7 -2 -3.592056423292368e14
-7 -1 -9.33848458410334e13
-7 0 -0.0
-7 1 -9.33848458410334e13
-7 2 -3.592056423292368e14
-7 3 -7.594665432492972e14
-7 4 -1.2439750020753002e15
-7 5 -1.7614997794836172e15
-7 6 -2.266697362469663e15
-7 7 -2.722973078703105e15
-7 8 -3.1031191914083035e15
-7 9 -3.389178835844223e15
-7 10 -3.572085275251985e15
-6 -10 -3.977718544963738e15
-6 -9 -3.791249540837075e15
-6 -8 -3.4909758794995975e15
-6 -7 -3.085226965583708e15
-6 -6 -2.5911850634444835e15
-6 -5 -2.0354981267392132e15
-6 -4 -1.4554481223896552e15
-6 -3 -9.0035893828973e14
-6 -2 -4.31068600292533e14
-6 -1 -1.130621549777957e14
-6 0 -0.0
-6 1 -1.130621549777957e14
-6 2 -4.31068600292533e14
-6 3 -9.0035893828973e14
-6 4 -1.4554481223896552e15
-6 5 -2.0354981267392132e15
-6 6 -2.5911850634444835e15
-6 7 -3.085226965583708e15
-6 8 -3.4909758794995975e15
-6 9 -3.791249540837075e15
-6 10 -3.977718544963738e15
-5 -10 -4.366668059294615e15
-5 -9 -4.181832756205384e15
-5 -8 -3.8746455779199235e15
-5 -7 -3.4525395677878895e15
-5 -6 -2.9311173025044675e15
-5 -5 -2.334621146025835e15
-5 -4 -1.697931536873881e15
-5 -3 -1.0708137702076135e15
-5 -2 -5.225680211108148e14
-5 -1 -1.3908569412556067e14
-5 0 -0.0
-5 1 -1.3908569412556067e14
-5 2 -5.225680211108148e14
-5 3 -1.0708137702076135e15
-5 4 -1.697931536873881e15
-5 5 -2.334621146025835e15
-5 6 -2.9311173025044675e15
-5 7 -3.4525395677878895e15
-5 8 -3.8746455779199235e15
-5 9 -4.181832756205384e15
-5 10 -4.366668059294615e15
-4 -10 -4.721839735647199e15
-4 -9 -4.543560894271632e15
-4 -8 -4.2372266229282425e15
-4 -7 -3.809673443855607e15
-4 -6 -3.274758275376724e15
-4 -5 -2.653018026365439e15
-4 -4 -1.9734330069276288e15
-4 -3 -1.2799042898557662e15
-4 -2 -6.440573159743101e14
-4 -1 -1.7590233761662878e14
-4 0 -0.0
-4 1 -1.7590233761662878e14
-4 2 -6.440573159743101e14
-4 3 -1.2799042898557662e15
-4 4 -1.9734330069276288e15
-4 5 -2.653018026365439e15
-4 6 -3.274758275376724e15
-4 7 -3.809673443855607e15
-4 8 -4.2372266229282425e15
-4 9 -4.543560894271632e15
-4 10 -4.721839735647199e15
-3 -10 -5.024850034103052e15
-3 -9 -4.856563834324676e15
-3 -8 -4.557567750462063e15
-3 -7 -4.1348734021350625e15
-3 -6 -3.60143575315892e15
-3 -5 -2.974482695021149e15
-3 -4 -2.2753854041880285e15
-3 -3 -1.5348918561969422e15
-3 -2 -8.119637056531978e14
-3 -1 -2.3294620859000288e14
-3 0 -0.0
-3 1 -2.3294620859000288e14
-3 2 -8.119637056531978e14
-3 3 -1.5348918561969422e15
-3 4 -2.2753854041880285e15
-3 5 -2.974482695021149e15
-3 6 -3.60143575315892e15
-3 7 -4.1348734021350625e15
-3 8 -4.557567750462063e15
-3 9 -4.856563834324676e15
-3 10 -5.024850034103052e15
-2 -10 -5.257590758912333e15
-2 -9 -5.100069065556742e15
-2 -8 -4.811613631421941e15
-2 -7 -4.400269118533151e15
-2 -6 -3.8796174026327965e15
-2 -5 -3.2660501319425925e15
-2 -4 -2.5762292638972405e15
-2 -3 -1.8269183377196948e15
-2 -2 -1.046081648929581e15
-2 -1 -3.327671276134611e14
-2 0 -0.0
-2 1 -3.327671276134611e14
-2 2 -1.046081648929581e15
-2 3 -1.8269183377196948e15
-2 4 -2.5762292638972405e15
-2 5 -3.2660501319425925e15
-2 6 -3.8796174026327965e15
-2 7 -4.400269118533151e15
-2 8 -4.811613631421941e15
-2 9 -5.100069065556742e15
-2 10 -5.257590758912333e15
-1 -10 -5.404428743190763e15
-1 -9 -5.255204676231603e15
-1 -8 -4.975900008301201e15
-1 -7 -4.575857446210637e15
-1 -6 -4.070237579200645e15
-1 -5 -3.477142353139017e15
-1 -4 -2.8144374018660605e15
-1 -3 -2.0965158773100258e15
-1 -2 -1.3310685104538445e15
-1 -1 -5.291038817816864e14
-1 0 -0.0
-1 1 -5.291038817816864e14
-1 2 -1.3310685104538445e15
-1 3 -2.0965158773100258e15
-1 4 -2.8144374018660605e15
-1 5 -3.477142353139017e15
-1 6 -4.070237579200645e15
-1 7 -4.575857446210637e15
-1 8 -4.975900008301201e15
-1 9 -5.255204676231603e15
-1 10 -5.404428743190763e15
0 -10 -5.454649811718121e15
0 -9 -5.308545899482448e15
0 -8 -5.0328535126758e15
0 -7 -4.637510533680012e15
0 -6 -4.1385278649631815e15
0 -5 -3.555289694043795e15
0 -4 -2.9078107680745215e15
0 -3 -2.214532817265542e15
0 -2 -1.4910142899828655e15
0 -1 -7.496066272802914e14
0 0 NaN
0 1 -7.496066272802914e14
0 2 -1.4910142899828655e15
0 3 -2.214532817265542e15
0 4 -2.9078107680745215e15
0 5 -3.555289694043795e15
0 6 -4.1385278649631815e15
0 7 -4.637510533680012e15
0 8 -5.0328535126758e15
0 9 -5.308545899482448e15
0 10 -5.454649811718121e15
1 -10 -5.404428743190763e15
1 -9 -5.255204676231603e15
1 -8 -4.975900008301201e15
1 -7 -4.575857446210637e15
1 -6 -4.070237579200645e15
1 -5 -3.477142353139017e15
1 -4 -2.8144374018660605e15
1 -3 -2.0965158773100258e15
1 -2 -1.3310685104538445e15
1 -1 -5.291038817816864e14
1 0 -0.0
1 1 -5.291038817816864e14
1 2 -1.3310685104538445e15
1 3 -2.0965158773100258e15
1 4 -2.8144374018660605e15
1 5 -3.477142353139017e15
1 6 -4.070237579200645e15
1 7 -4.575857446210637e15
1 8 -4.975900008301201e15
1 9 -5.255204676231603e15
1 10 -5.404428743190763e15
2 -10 -5.257590758912333e15
2 -9 -5.100069065556742e15
2 -8 -4.811613631421941e15
2 -7 -4.400269118533151e15
2 -6 -3.8796174026327965e15
2 -5 -3.2660501319425925e15
2 -4 -2.5762292638972405e15
2 -3 -1.8269183377196948e15
2 -2 -1.046081648929581e15
2 -1 -3.327671276134611e14
2 0 -0.0
2 1 -3.327671276134611e14
2 2 -1.046081648929581e15
2 3 -1.8269183377196948e15
2 4 -2.5762292638972405e15
2 5 -3.2660501319425925e15
2 6 -3.8796174026327965e15
2 7 -4.400269118533151e15
2 8 -4.811613631421941e15
2 9 -5.100069065556742e15
2 10 -5.257590758912333e15
3 -10 -5.024850034103052e15
3 -9 -4.856563834324676e15
3 -8 -4.557567750462063e15
3 -7 -4.1348734021350625e15
3 -6 -3.60143575315892e15
3 -5 -2.974482695021149e15
3 -4 -2.2753854041880285e15
3 -3 -1.5348918561969422e15
3 -2 -8.119637056531978e14
3 -1 -2.3294620859000288e14
3 0 -0.0
3 1 -2.3294620859000288e14
3 2 -8.119637056531978e14
3 3 -1.5348918561969422e15
3 4 -2.2753854041880285e15
3 5 -2.974482695021149e15
3 6 -3.60143575315892e15
3 7 -4.1348734021350625e15
3 8 -4.557567750462063e15
3 9 -4.856563834324676e15
3 10 -5.024850034103052e15
4 -10 -4.721839735647199e15
4 -9 -4.543560894271632e15
4 -8 -4.2372266229282425e15
4 -7 -3.809673443855607e15
4 -6 -3.274758275376724e15
4 -5 -2.653018026365439e15
4 -4 -1.9734330069276288e15
4 -3 -1.2799042898557662e15
4 -2 -6.440573159743101e14
4 -1 -1.7590233761662878e14
4 0 -0.0
4 1 -1.7590233761662878e14
4 2 -6.440573159743101e14
4 3 -1.2799042898557662e15
4 4 -1.9734330069276288e15
4 5 -2.653018026365439e15
4 6 -3.274758275376724e15
4 7 -3.809673443855607e15
4 8 -4.2372266229282425e15
4 9 -4.543560894271632e15
4 10 -4.721839735647199e15
5 -10 -4.366668059294615e15
5 -9 -4.181832756205384e15
5 -8 -3.8746455779199235e15
5 -7 -3.4525395677878895e15
5 -6 -2.9311173025044675e15
5 -5 -2.334621146025835e15
5 -4 -1.697931536873881e15
5 -3 -1.0708137702076135e15
5 -2 -5.225680211108148e14
5 -1 -1.3908569412556067e14
5 0 -0.0
5 1 -1.3908569412556067e14
5 2 -5.225680211108148e14
5 3 -1.0708137702076135e15
5 4 -1.697931536873881e15
5 5 -2.334621146025835e15
5 6 -2.9311173025044675e15
5 7 -3.4525395677878895e15
5 8 -3.8746455779199235e15
5 9 -4.181832756205384e15
5 10 -4.366668059294615e15
6 -10 -3.977718544963738e15
6 -9 -3.791249540837075e15
6 -8 -3.4909758794995975e15
6 -7 -3.085226965583708e15
6 -6 -2.5911850634444835e15
6 -5 -2.0354981267392132e15
6 -4 -1.4554481223896552e15
6 -3 -9.0035893828973e14
6 -2 -4.31068600292533e14
6 -1 -1.130621549777957e14
6 0 -0.0
6 1 -1.130621549777957e14
6 2 -4.31068600292533e14
6 3 -9.0035893828973e14
6 4 -1.4554481223896552e15
6 5 -2.0354981267392132e15
6 6 -2.5911850634444835e15
6 7 -3.085226965583708e15
6 8 -3.4909758794995975e15
6 9 -3.791249540837075e15
6 10 -3.977718544963738e15
7 -10 -3.572085275251985e15
7 -9 -3.389178835844223e15
7 -8 -3.1031191914083035e15
7 -7 -2.722973078703105e15
7 -6 -2.266697362469663e15
7 -5 -1.7614997794836172e15
7 -4 -1.2439750020753002e15
7 -3 -7.594665432492972e14
7 -2 -3.592056423292368e14
7 -1 -9.33848458410334e13
7 0 -0.0
7 1 -9.33848458410334e13
7 2 -3.592056423292368e14
7 3 -7.594665432492972e14
7 4 -1.2439750020753002e15
7 5 -1.7614997794836172e15
7 6 -2.266697362469663e15
7 7 -2.722973078703105e15
7 8 -3.1031191914083035e15
7 9 -3.389178835844223e15
7 10 -3.572085275251985e15
8 -10 -3.1646772545950355e15
8 -9 -2.989910136202787e15
8 -8 -2.723828280882823e15
8 -7 -2.375825630921982e15
8 -6 -1.9636739322185238e15
8 -5 -1.5135334288749702e15
8 -4 -1.0593066557320606e15
8 -3 -6.409079649087276e14
8 -2 -3.007258519638713e14
8 -1 -7.774843762970627e13
8 0 -0.0
8 1 -7.774843762970627e13
8 2 -3.007258519638713e14
8 3 -6.409079649087276e14
8 4 -1.0593066557320606e15
8 5 -1.5135334288749702e15
8 6 -1.9636739322185238e15
8 7 -2.375825630921982e15
8 8 -2.723828280882823e15
8 9 -2.989910136202787e15
8 10 -3.1646772545950355e15
9 -10 -2.7678253276063235e15
9 -9 -2.6046807114131185e15
9 -8 -2.362398132308375e15
9 -7 -2.0502439871156412e15
9 -6 -1.684999795927589e15
9 -5 -1.2906891222856125e15
9 -4 -8.974935099795815e14
9 -3 -5.3961820381385294e14
9 -2 -2.5185526249662925e14
9 -1 -6.487907007693338e13
9 0 -0.0
9 1 -6.487907007693338e13
9 2 -2.5185526249662925e14
9 3 -5.3961820381385294e14
9 4 -8.974935099795815e14
9 5 -1.2906891222856125e15
9 6 -1.684999795927589e15
9 7 -2.0502439871156412e15
9 8 -2.362398132308375e15
9 9 -2.6046807114131185e15
9 10 -2.7678253276063235e15
10 -10 -2.3911928352580885e15
10 -9 -2.2419385153611218e15
10 -8 -2.0253934429408225e15
10 -7 -1.7503217848734728e15
10 -6 -1.4319786761869455e15
10 -5 -1.0916670148236538e15
10 -4 -7.554943577035519e14
10 -3 -4.5223650306927475e14
10 -2 -2.103036303564933e14
10 -1 -5.4044287431907625e13
10 0 -0.0
10 1 -5.4044287431907625e13
10 2 -2.103036303564933e14
10 3 -4.5223650306927475e14
10 4 -7.554943577035519e14
10 5 -1.0916670148236538e15
10 6 -1.4319786761869455e15
10 7 -1.7503217848734728e15
10 8 -2.0253934429408225e15
10 9 -2.2419385153611218e15
10 10 -2.3911928352580885e15